#
# 공인인증 처리를 하여야 할 DSO LIST
#
# dsoid 구분자[1:전자서명만, 2:FULL서명]
#
# 2010/01/06 뱅킹(509006), 선물추가, 주식추가
#
#주식주문
100001 1
100002 1
100003 1
100004 1
101001 1
101002 1
101003 1
101004 1
102001 1
102002 1
102003 1
102004 1
103001 1
103002 1
103003 1
104001 1
104002 1
104003 1
104012 1
105001 1
105002 1
106001 1
106002 1
106003 1
107001 1
107002 1
107003 1
107004 1
107005 1
107006 1
107007 1
107009 1
107010 1
107011 1
108001 1
108002 1
108003 1
108004 1
108101 1
108102 1
108103 1
108104 1
108105 1
108106 1
108201 1
108202 1
108203 1
108204 1
108205 1
108206 1
109101 1
109102 1
109103 1
109201 1
109202 1
109203 1
109001 1
109002 1
109003 1
109004 1
#주식주문추가
111001 1
111002 1
192001 1
192002 1
192003 1
192004 1
191001 1
191002 1
191003 1
113001 1
113002 1
113003 1
113004 1
103004 1
103005 1
#주식주문추가(2010/01/06)
103006 1
103007 1
103008 1
103009 1
105002 1
105004 1
105005 1
106005 1
107012 1
107013 1
107014 1
107015 1
112001 1
112002 1
112003 1
112004 1
112005 1
120001 1
120002 1
120003 1
120100 1
120101 1
120102 1
120103 1
120104 1
#선옵주문
150001 1
150002 1
160001 1
160003 1
160004 1
160005 1
160006 1
160007 1
160008 1
160009 1
160010 1
160011 1
160012 1
160013 1
170001 1
170003 1
170004 1
170006 1
181001 1
181004 1
185001 1
185002 1
185012 1
190001 1
190002 1
197001 1
197002 1
#선옵주문추가
150021 1
150022 1
181001 1
181004 1
190003 1
196001 1
196003 1
196004 1
196005 1
196006 1
197003 1
#선옵주문(2010/01/06)
190004 1
197004 1
160014 1
160015 1
160016 1
150012 1
150014 1
150015 1
150016 1
150017 1
150018 1
220017 1
#STOPLOSS
800100 1
800101 1
#온라인
501005 2
501010 2
501020 2
501021 2
501015 2
501018 2
502010 2
502014 2
500010 2
500003 2
500009 2
500001 2
500016 2
504001 2
504002 2
502028 2
502029 2
509006 2
509024 2
509025 2
#계좌
209001 2
209002 2
209005 2
209007 2
206003 2
180007 2
180010 2
180004 2
205001 2
#금융상품
620410 1
620420 1
620430 1
620440 1
620450 1
630206 2
630214 2
#RMS주문
114001 1
114002 1
114003 1
114004 1
#RMS조회
217001 2
217002 2
217003 2
217004 2
217005 2
217006 2
217007 2
#해외주식
750001 1
750010 1
760002 1
#760011 1
761002 1
761006 1
761010 1
762002 1
762006 1
762010 1
762014 1
763002 1
763006 1
770104 1
770108 1
770203 1
770002 1
750002 1
750011 1
760003 1
760012 1
761003 1
761007 1
761011 1
762003 1
762007 1
762011 1
762015 1
763003 1
770101 1
770105 1
770109 1
770204 1
770003 1
750003 1
750005 1
760004 1
760010 1
761004 1
761008 1
761012 1
762004 1
762008 1
762012 1
762017 1
763004 1
770102 1
770106 1
770201 1
770205 1
770004 1
750004 1
#760001 1
760005 1
761001 1
761005 1
761009 1
762001 1
762005 1
762009 1
762013 1
763001 1
763005 1
770103 1
770107 1
770202 1
770001 1
770206 1
#해외선물옵션
850001 1
850002 1
850003 1
851001 1
851002 1
851003 1
