#
# 암호화 처리 DSS list
#
# 2010/01/06 뱅킹 추가 : 509
# 2010/01/06 주식 추가 : 111, 113, 120
# 2012/07/06           : 115, 116, 505, 506, 507, 760, 761, 762, 799,
#                        214, 215, 216, 218, 219, 221, 222, 257, 258, 259, 291
# 2019/09/19           : 228, 912
#
100
101
102
103
104
105
106
107
108
109
111
113
114
115
116
120
150
160
170
180
181
185
190
191
192
196
197
201
202
203
204
205
206
207
208
209
210
211
213
214
215
216
217
218
219
220
221
222
228
250
251
252
253
254
255
256
257
258
259
260
269
270
280
290
291
292
296
500
501
502
503
504
505
506
507
509
620
630
750
760
761
762
763
770
799
236
237
850
851
860
861
862
863
864
865
868
902
912
